UEB_10	UEB_12	UEB_14	UEB_16	UEB_17	UEB_2	UEB_23	UEB_25	UEB_27	UEB_29	UEB_30	UEB_31	UEB_33	UEB_35	UEB_37	UEB_39	UEB_41	UEB_43	UEB_44	UEB_45	UEB_47	UEB_49	UEB_5	UEB_51	UEB_53	UEB_54	UEB_56	UEB_7	UEB_77	UEB_78	UEB_79	UEB_8	UEB_80	UEB_81	UEB_82	UEB_83	UEB_84
Signature.1	0.169452966438458	0	0.0802427861194433	0.150964553407762	0.202562608117379	0.295852864839204	0.0848172911427651	0.156740703031016	0.0745504104212989	0.0898693993924718	0	0.18707922400024	0.155817920212514	0.145551953441993	0.0673354133064157	0.141170529745372	0.150412605646968	0.179014049094259	0	0.128811121939802	0.163979758490845	0.338847290054565	0.169385391726241	0.320993512880141	0.168169757378267	0.155798966266294	0.283752445080989	0.0668142399120793	0	0.167619872110615	0.105888911584803	0	0.543029596983184	0.236434577588373	0.0966402103537408	0.125330434363556	0
Signature.2	0	0	0	0	0	0	0	0	0	0	0	0	0	0	0	0	0	0	0	0	0	0	0	0	0	0	0	0	0	0	0	0	0	0	0	0	0
Signature.3	0	0	0	0	0	0	0	0	0	0	0	0	0	0	0	0	0	0	0	0	0	0	0	0	0	0	0	0	0	0	0	0	0	0	0	0	0
Signature.4	0	0.0669782993708656	0	0	0	0	0	0.113574296342683	0	0.100254178607086	0.247294784761404	0.0881273879397584	0.0616686751425282	0.0848872789032069	0	0	0	0.145374977333118	0	0	0.14503434399078	0	0	0.065047790132043	0	0	0	0.1042877113809	0.137444414312393	0	0	0.183163702748595	0	0.0699949494264451	0	0	0
Signature.5	0	0	0	0	0	0	0	0	0	0	0	0	0	0	0	0	0	0	0	0	0	0	0	0	0	0	0	0	0	0	0	0	0	0	0.0674401445567018	0	0
Signature.6	0.31434740332492	0.345335814795118	0.301083176507246	0.247872709813148	0.284410906367723	0.205071088585224	0.238980214963501	0.190241598190528	0.182952871800314	0.255590131873543	0.190781680750656	0.135036322335268	0.133105758146023	0	0.333353847055444	0.227487190541413	0.299609568510449	0.260465566429057	0.334796445396575	0.376036045061002	0.34925333100164	0.206921549724641	0.317416804372366	0.136965180192011	0.301475408854149	0.283521649816604	0.225892403765124	0.399375646901406	0.298562929603829	0.274602005625323	0.470083488827662	0.303678632298407	0.162152666558437	0.160749236329497	0.295331980225586	0.144962043656152	0.280918443422813
Signature.7	0	0	0	0	0	0	0	0	0	0	0	0	0	0	0	0	0	0	0	0	0	0	0	0	0	0	0	0	0	0	0	0	0	0	0	0	0
Signature.8	0	0	0	0	0	0	0	0	0	0	0	0	0	0	0	0	0	0	0	0	0	0	0	0	0	0	0	0	0	0	0	0	0	0	0	0	0.079753759673426
Signature.9	0	0	0	0	0	0	0	0	0	0	0	0	0	0	0	0	0	0	0	0	0	0	0	0	0	0	0	0	0	0	0	0	0	0	0	0	0
Signature.10	0	0	0	0	0	0	0	0	0	0	0	0	0	0	0	0.0657819943454744	0	0	0	0	0	0	0	0	0	0	0	0	0	0	0	0	0.0631102840285596	0	0	0	0
Signature.11	0	0	0	0	0	0	0	0	0	0	0	0	0	0	0	0	0	0	0	0	0	0	0	0	0	0	0	0	0	0	0	0	0	0	0	0	0
Signature.12	0.120289483902071	0.264090147391783	0.115989497948509	0.115627341556133	0.189414509369315	0.166454170268036	0.244152238399121	0.100464527843398	0.230086885540948	0.109857299978187	0	0.0938864728760218	0.157866821366226	0.124754648381696	0.206080690582786	0.298200471782212	0.165412679350422	0.155050379501572	0.242704805179226	0.0820377990148415	0	0.141810301278355	0.0937121618680518	0.146980875840834	0.175659492582059	0.251603787641471	0.111509725100393	0.188506916488017	0.235544943049496	0.2397483520949	0.242614662174411	0.228768595636973	0	0.248213155116264	0.256562763086158	0.275227319045897	0.15413452981612
Signature.13	0	0	0	0	0	0	0	0	0	0	0	0	0	0	0	0	0	0	0	0	0	0	0	0	0	0	0	0	0	0	0	0	0	0	0	0	0
Signature.14	0	0	0	0	0	0	0	0	0	0	0	0	0	0	0	0	0	0	0	0	0	0	0	0	0	0	0	0	0	0	0	0	0	0	0	0	0
Signature.15	0.17399614214019	0.107009415850134	0.0858418023749986	0.120457313715199	0.114590235460839	0	0.132274463217811	0	0	0	0.0664928014959948	0	0	0.18643773112103	0.153211918581802	0	0	0.0941874717608817	0	0	0	0	0	0.135521902552285	0.0843008994135698	0	0	0	0	0.0811845423534517	0	0	0.126508123559534	0	0	0.12797571035656	0
Signature.16	0	0	0	0	0	0	0	0	0	0	0	0	0	0	0	0	0	0	0	0	0	0	0	0	0	0	0	0	0	0	0	0	0	0	0	0	0
Signature.17	0	0	0	0	0	0	0	0	0	0	0	0	0	0	0	0	0	0	0	0	0	0	0	0	0	0	0	0	0	0	0	0	0	0	0	0	0
Signature.18	0	0	0	0	0	0	0	0	0	0.0649810030396223	0	0	0	0	0	0	0	0	0	0	0	0	0	0	0	0	0	0	0	0	0	0	0	0	0	0	0
Signature.19	0	0	0	0	0	0	0	0	0	0	0	0	0	0	0	0	0	0	0	0	0	0	0	0	0	0	0	0	0	0	0	0	0	0	0	0	0
Signature.20	0	0	0	0	0	0	0	0	0	0.0616534172935377	0	0	0	0	0	0	0	0	0	0	0	0.0720925626272332	0	0	0	0	0	0	0	0	0	0	0	0	0	0	0
Signature.21	0	0	0	0	0	0	0	0	0	0	0	0.06950835771505	0	0	0	0	0	0	0	0	0	0	0	0	0	0	0	0	0	0	0	0	0	0	0	0	0
Signature.22	0	0	0	0	0	0	0	0	0	0	0	0	0	0	0	0	0	0	0	0	0	0	0	0	0	0	0	0	0	0	0	0	0	0	0	0	0
Signature.23	0	0	0	0	0	0	0	0	0	0	0	0	0	0	0	0	0	0	0	0	0	0	0	0	0	0	0	0	0	0	0	0	0	0	0	0	0
Signature.24	0.20602809633369	0.150575573332935	0.198122819058031	0.142706041153846	0.209021740684744	0.145513717519275	0.218723001908355	0.164396118887481	0.245326778988359	0.218049010327452	0.249112769883965	0.117556889092586	0.20677688627192	0.203254241516092	0.110770531395459	0.0949828153662229	0.284974239487172	0.11969936873007	0.274593049457593	0.226238409335549	0.13421119606732	0.15309681868301	0.240928624809414	0.117870358334573	0.175979215968003	0.277319342563664	0.175076232148327	0.122218411583407	0.151647642353577	0.182109225068463	0.111987131135853	0.207452482994092	0.105199328870286	0.208458126379182	0.127121647702735	0.23480282859618	0.11427023949163
Signature.25	0	0	0	0	0	0	0	0	0	0	0	0	0	0	0	0	0	0	0	0	0	0	0	0	0	0	0	0	0	0	0	0	0	0	0	0	0
Signature.26	0	0	0.103084159581394	0.083302143222653	0	0	0	0	0	0.0871343641518699	0.104372978792469	0	0	0	0	0	0	0	0	0.154300166661803	0.0981405703044774	0.0688310570567361	0.0934285464607377	0.0647592309910792	0	0	0.135622935962673	0	0	0	0	0	0	0	0	0	0
Signature.27	0	0	0	0	0	0	0	0	0	0	0	0	0	0	0	0	0	0	0	0	0	0	0	0	0	0	0	0	0	0	0	0	0	0	0	0	0
Signature.28	0	0	0	0	0	0	0	0	0	0	0	0	0	0	0	0	0	0	0	0	0	0	0	0	0	0	0	0	0	0	0	0	0	0	0	0	0
Signature.29	0	0	0	0.106397296826304	0	0.0867817554137186	0	0.266686655758937	0.168013870627694	0	0.0626777577209253	0.23454986628749	0.171578954706139	0.217501229726508	0	0	0	0	0	0	0	0	0	0	0	0	0	0	0	0	0	0	0	0	0.0758686287881381	0.0917016473420177	0.31252075733958
Signature.30	0	0	0	0	0	0	0	0	0	0	0	0	0	0	0	0	0	0	0	0	0	0	0	0	0	0	0	0	0	0	0	0	0	0	0	0	0
Unknown	0.0158859078606709	0.0660107492591649	0.115635758410379	0.0326726003049539	0	0.100326403374542	0.0810527903684468	0.00789609994595719	0.0990691826213855	0.0126111953362292	0.0792672265945858	0.0742554797535863	0.11318498415465	0.0376129169094744	0.129247599078094	0.172376998219306	0.0995909070049892	0.0462081871510427	0.147905699966606	0.032576457987002	0.109380800144938	0.0184004205754587	0.0851284707631893	0.0118611490770345	0.0944152258039523	0.0317562537119681	0.068146257942494	0.118797073734191	0.176800070680705	0.0547360027472473	0.0694258062772717	0.0769365863219335	0	0.0761499551602386	0.0810346252869408	1.66396376677369e-08	0.0584022702564303
