Sample	TissueType	TOTAL_READS	ON_TARGET_BASES	MEAN_TARGET_COVERAGE	PCT_EXC_DUPE	PCT_EXC_OFF_TARGET	PCT_TARGET_BASES_1X	PCT_TARGET_BASES_2X	PCT_TARGET_BASES_10X	PCT_TARGET_BASES_20X	PCT_TARGET_BASES_30X	PCT_TARGET_BASES_40X	PCT_TARGET_BASES_50X	PCT_TARGET_BASES_100X	Seq
UEB_62	Normal	11393578	158498860	197.65316	0.631293	0.09744	0.999522	0.9991	0.995805	0.993678	0.992025	0.99063	0.988606	0.934936	S2
UEB_80	Tumor	7348090	95203089	118.721305	0.647422	0.090002	0.999396	0.998442	0.993403	0.990567	0.986516	0.977134	0.956723	0.637787	S2
UEB_81	Tumor	11405250	146786436	183.047392	0.660544	0.092236	0.999555	0.999044	0.995958	0.993827	0.991718	0.988363	0.979973	0.820585	S2
UEB_82	Tumor	9374370	140768844	175.543262	0.625202	0.098462	0.999405	0.998482	0.995178	0.992928	0.991276	0.988736	0.983597	0.843784	S2
UEB_83	Tumor	11034688	125430061	156.415308	0.680187	0.089878	0.999685	0.999284	0.995864	0.992899	0.990355	0.98519	0.973554	0.776463	S2
UEB_84	Tumor	12168030	170372837	212.460391	0.633617	0.091249	0.999764	0.998943	0.995119	0.992682	0.991125	0.989327	0.985007	0.887435	S2
UEB_10	Tumor	9708356	823867	201.372	0.3474	0.0999272	0.995937	0.993716	0.991879	0.989772	0.986587	0.937029	0.182474	0.04724877	S1
UEB_11	Normal	10645868	179304191	223.598075	0.584841	0.241733	0.999088	0.998108	0.994987	0.992332	0.989374	0.983119	0.974956	0.873941	S1
UEB_12	Tumor	9949670	818366	201.38	0.3288	0.0998683	0.995484	0.993714	0.991505	0.989027	0.985618	0.930412	0.1887832	0.04939757	S1
UEB_13	Normal	7868432	828937	201.13	0.3514	0.0999027	0.995502	0.993503	0.990971	0.987653	0.983755	0.91442	0.1651344	0.0459108	S1
UEB_14	Tumor	9866592	174581260	217.708429	0.567336	0.247436	0.999001	0.998324	0.994847	0.992357	0.989231	0.985322	0.978379	0.898058	S1
UEB_15	Normal	8981528	177996388	221.967203	0.5512	0.277632	0.998919	0.998178	0.995961	0.994294	0.992492	0.989456	0.986067	0.931099	S1
UEB_16	Tumor	9090868	819262	147.06	0.1431	0.0998969	0.99507	0.991712	0.985886	0.974791	0.956848	0.77536	0.1065013	0.05508535	S1
UEB_17	Tumor	7727306	100525627	125.35868	0.14339	0.1586819	0.998921	0.993696	0.988758	0.979074	0.961845	0.934415	0.667677	0.0969716	S1
UEB_18	Normal	10201342	153681987	191.646365	0.612847	0.220034	0.998929	0.998465	0.9953	0.992792	0.990524	0.988107	0.984577	0.934628	S1
UEB_1	Normal	10498568	172510396	215.125995	0.587992	0.238349	0.999272	0.99863	0.995231	0.992821	0.989537	0.985169	0.978287	0.888532	S1
UEB_21	Normal	9688566	842214	131.682	0.1286	0.0998006	0.993721	0.990037	0.984979	0.975523	0.961752	0.758035	0.1162794	0.05630079	S1
UEB_23	Tumor	9987832	147147904	183.498154	0.15397	0.1581881	0.997921	0.994607	0.991771	0.988858	0.98326	0.974354	0.862597	0.1406174	S1
UEB_24	Normal	11330798	107034471	133.4754171	0.18377	0.07851495	0.949947	0.838989	0.787739	0.750892	0.719293	0.690662	0.560521	0.0921143	S1
UEB_25	Tumor	12980666	142001975	177.081016	0.626754	0.219202	0.978485	0.948868	0.849922	0.808165	0.776987	0.750844	0.726772	0.6243	S1
UEB_26	Normal	11654414	120933479	150.807926	0.626847	0.211346	0.975626	0.940459	0.833372	0.785202	0.750651	0.722161	0.694303	0.576517	S1
UEB_27	Tumor	11962286	141930060	176.991336	0.616389	0.228954	0.981927	0.955584	0.858558	0.817355	0.788879	0.76404	0.741528	0.641971	S1
UEB_28	Normal	10617676	144649058	180.382013	0.580804	0.256193	0.977556	0.949737	0.8583	0.816453	0.78874	0.76252	0.740347	0.641387	S1
UEB_29	Tumor	10259830	172732079	215.402441	0.14397	0.1583841	0.998697	0.995238	0.993296	0.991349	0.98799	0.983731	0.911912	0.1614551	S1
UEB_2	Tumor	9459566	836183	171.218	0.1981	0.0998749	0.995056	0.992633	0.989718	0.985335	0.97854	0.864315	0.1395869	0.05158751	S1
UEB_30	Tumor	10771890	130100659	162.239693	0.601835	0.233862	0.977072	0.943645	0.844614	0.804696	0.775403	0.749926	0.726222	0.618837	S1
UEB_31	Tumor	11079296	155826737	194.320937	0.58163	0.264311	0.982244	0.958868	0.870553	0.832166	0.806355	0.784141	0.762788	0.675181	S1
UEB_32	Normal	11729748	122144404	152.317988	0.630112	0.20813	0.969435	0.933047	0.827752	0.783467	0.749041	0.720584	0.693221	0.572817	S1
UEB_33	Tumor	8407298	111463326	138.998341	0.562736	0.254848	0.965945	0.927858	0.828802	0.785698	0.752359	0.722116	0.696391	0.576348	S1
UEB_34	Normal	13368238	144737295	180.492048	0.628881	0.222182	0.981929	0.957037	0.857444	0.820056	0.790918	0.768309	0.746346	0.65126	S1
UEB_35	Tumor	9858664	731222	161.146	0.1789	0.0977138	0.848237	0.808492	0.779621	0.7527	0.729621	0.626457	0.1048006	0.039528572	S1
UEB_36	Normal	12350532	174904630	218.111682	0.64479	0.209372	0.999103	0.998669	0.9958	0.993529	0.990963	0.987996	0.983284	0.912019	S1
UEB_37	Tumor	9532484	835355	168.74	0.1928	0.0999309	0.995511	0.991975	0.9886	0.983847	0.974057	0.843039	0.1199537	0.04978047	S1
UEB_38	Normal	11112792	138509879	172.72626	0.658764	0.195624	0.999221	0.998684	0.994459	0.988868	0.976535	0.961576	0.944872	0.763691	S1
UEB_39	Tumor	9339602	842858	98.815	0.628	0.0998181	0.991418	0.98634	0.977129	0.961207	0.930265	0.477201	0.0834845	0.05468057	S1
UEB_3	Normal	9228960	734717	144	0.18571	0.6847608	0.950979	0.849945	0.805962	0.773494	0.74645	0.721281	0.60541	0.0954731	S1
UEB_40	Normal	8996186	93041864	116.026188	0.14609	0.1567921	0.999068	0.993986	0.988516	0.977396	0.958276	0.926711	0.611614	0.094088	S1
UEB_41	Tumor	10669396	120581234	150.3686652	0.13487	0.1474203	0.998625	0.994336	0.990673	0.985816	0.978163	0.966679	0.811711	0.120153	S1
UEB_42	Normal	11273632	160203877	199.779371	0.12983	0.1359043	0.999231	0.995769	0.993336	0.991337	0.988807	0.985652	0.939112	0.150661	S1
UEB_43	Tumor	11795492	172773127	215.4536292	0.13149	0.1372316	0.99896	0.995956	0.993939	0.992017	0.989342	0.986709	0.94753	0.1615025	S1
UEB_44	Tumor	12227232	180179987	224.690221	0.630735	0.216062	0.999576	0.999133	0.996022	0.993716	0.991932	0.989569	0.986578	0.944253	S1
UEB_45	Tumor	12740980	195862580	244.2469172	0.12325	0.1526543	0.99903	0.996409	0.994105	0.992231	0.989673	0.986744	0.949356	0.1802103	S1
UEB_46	Normal	16099664	193398614	241.174273	0.675138	0.186329	0.999512	0.999381	0.996409	0.993943	0.992113	0.989854	0.987657	0.95424	S1
UEB_47	Tumor	12917300	205149503	255.8280082	0.13508	0.1650503	0.998494	0.995821	0.99375	0.991838	0.989387	0.985886	0.936951	0.1949731	S1
UEB_48	Normal	16245272	283832301	353.94798	0.577899	0.251209	0.999381	0.998881	0.996324	0.99515	0.994007	0.992886	0.991938	0.983838	S1
UEB_49	Tumor	13227504	189727292	236.5960162	0.12674	0.1598622	0.999075	0.997521	0.995491	0.993342	0.991561	0.98843	0.936529	0.1731455	S1
UEB_50	Normal	13219636	157616500	196.552829	0.676562	0.185994	0.999613	0.998883	0.995704	0.992822	0.989415	0.984151	0.976336	0.868715	S1
UEB_51	Tumor	12861668	167205492	208.51061	0.658504	0.192416	0.998886	0.998265	0.995054	0.992442	0.989954	0.98549	0.978057	0.882996	S1
UEB_52	Normal	12908672	188084739	234.5477	0.632188	0.206885	0.998853	0.997955	0.993882	0.991615	0.987838	0.983298	0.976325	0.89544	S1
UEB_53	Tumor	17839742	219159071	273.2983892	0.11684	0.2102295	0.997743	0.995431	0.993181	0.990321	0.985877	0.979222	0.895618	0.2035418	S1
UEB_54	Tumor	16580264	175643136	219.0326222	0.11833	0.1825272	0.9985	0.995034	0.991876	0.987964	0.981837	0.973221	0.868563	0.1701474	S1
UEB_55	Normal	10821026	162246616	202.326732	0.621816	0.213714	0.998874	0.997922	0.994545	0.991691	0.988368	0.982964	0.975058	0.872323	S1
UEB_56	Tumor	11021604	185261413	231.026922	0.603098	0.260775	0.998804	0.998642	0.997379	0.996167	0.995008	0.993998	0.992985	0.977677	S1
UEB_59	Normal	12315960	219731716	274.0124952	0.15861	0.175649	0.99822	0.995882	0.994274	0.992492	0.990046	0.986093	0.933335	0.201926	S1
UEB_5	Tumor	11412890	172490904	215.101688	0.621305	0.222533	0.999208	0.998536	0.995594	0.992902	0.98994	0.984839	0.976805	0.879165	S1
UEB_60	Normal	12598746	158606355	197.78721	0.673519	0.194098	0.998585	0.997987	0.995663	0.993578	0.990399	0.986028	0.978288	0.868707	S1
UEB_61	Normal	11200982	156057097	194.608204	0.63276	0.204779	0.998427	0.997638	0.994829	0.992212	0.989349	0.985519	0.980173	0.905404	S1
UEB_63	Normal	9588854	827537	201.673	0.484	0.0999032	0.997366	0.995997	0.995264	0.994292	0.993177	0.984286	0.1998213	0.03841306	S1
UEB_64	Normal	10562404	206644272	257.692033	0.55119	0.293397	0.99949	0.999302	0.997371	0.996071	0.995158	0.994255	0.992753	0.983828	S1
UEB_65	Normal	13392444	275126021	343.09097	0.560928	0.301075	0.999473	0.999137	0.998083	0.997141	0.996014	0.99513	0.994184	0.987285	S1
UEB_67	Normal	11929970	104067778	129.7758561	0.1344	0.1753728	0.99797	0.992101	0.985468	0.973769	0.952811	0.92288	0.641359	0.1085473	S1
UEB_68	Normal	12410668	135234922	168.642284	0.686681	0.177069	0.99911	0.998303	0.995455	0.993242	0.991146	0.988193	0.983444	0.888436	S1
UEB_69	Normal	7847344	822001	201.095	0.3601	0.099889	0.995273	0.992566	0.989828	0.987102	0.98283	0.918722	0.1634907	0.04491158	S1
UEB_6	Normal	12795418	73259183	91.35655	0.792049	0.010798	0.997461	0.996518	0.992111	0.981359	0.954587	0.900851	0.822582	0.367566	S1
UEB_70	Normal	13111552	154992277	193.280339	0.67149	0.181714	0.998273	0.997583	0.994871	0.992512	0.990326	0.98722	0.983609	0.915487	S1
UEB_71	Normal	9217014	834694	101.081	0.831	0.0997871	0.992369	0.98721	0.97843	0.960152	0.928864	0.541105	0.0917846	0.0611406	S1
UEB_72	Normal	12064376	157227438	196.067656	0.15109	0.1474193	0.997774	0.995644	0.99359	0.99178	0.989953	0.987166	0.929096	0.1464001	S1
UEB_73	Normal	14395864	157684622	196.63778	0.696068	0.170511	0.99842	0.997889	0.995157	0.992957	0.990692	0.987966	0.984175	0.923322	S1
UEB_74	Normal	12835286	100957631	125.8974031	0.13972	0.1516836	0.998067	0.994219	0.991101	0.9863	0.977874	0.960913	0.662456	0.0958763	S1
UEB_75	Normal	13930790	175637052	219.025035	0.677909	0.194207	0.999287	0.998621	0.996032	0.9942	0.992125	0.988682	0.983074	0.885287	S1
UEB_76	Normal	13822120	91821836	114.504774	0.784531	0.116829	0.998999	0.99835	0.993227	0.980649	0.955126	0.908651	0.844009	0.493881	S1
UEB_77	Tumor	6671044	62232376	77.605768	0.13325	0.1315352	0.999398	0.996109	0.991834	0.979335	0.950194	0.890921	0.157332	0.0564382	S1
UEB_78	Tumor	10416728	68608551	85.557063	0.770423	0.119451	0.998162	0.996674	0.991697	0.984998	0.969499	0.936384	0.874388	0.308618	S1
UEB_79	Tumor	10755528	185085774	230.807895	0.586814	0.244274	0.998799	0.998269	0.995475	0.993297	0.990978	0.98732	0.982007	0.911482	S1
UEB_7	Tumor	11735684	137653675	171.658546	0.668118	0.18099	0.998244	0.997324	0.994244	0.99165	0.988792	0.985107	0.979475	0.868151	S1
UEB_8	Tumor	10025082	167801498	209.253848	0.58495	0.2459	0.998893	0.998451	0.995326	0.993426	0.991276	0.988494	0.985152	0.939622	S1
UEB_9	Normal	7490248	127787028	159.354521	0.15957	0.1448677	0.998358	0.994651	0.991538	0.987106	0.981139	0.971116	0.843517	0.1255326	S1
